m10.dat:160=0.0185410340,120=0.0176446500,80=0.0164358010,40=0.0129977520,20=0.0108341230,10=0.0098444360,1=0.0095271970,
m100.dat:160=0.0179238348,120=0.0174436940,80=0.0131863240,40=0.0128605950,20=0.0114229760,10=0.0120185290,1=0.0200017910,
m500.dat:160=0.0410683900,120=0.0408631890,80=0.0395425950,40=0.0479200240,20=0.0490849880,10=0.0712629350,1=0.4832405140,
m1000.dat:160=0.1501630190,120=0.1458612020,80=0.1532011420,40=0.2602762910,20=0.2406372030,10=0.4335066180,1=3.9594505950,
m5000.dat:160=20.9170149750,120=21.9774168850,80=21.0494958910,40=24.8996945430,20=48.9794775770,10=97.7685682500,1=1014.6978075420,
m10000.dat:160=304.4820270940,120=307.7789388800,80=241.2476528310,40=261.0176836150,20=513.7659469080,10=1025.0914597390,1=10521.0287326060,
